%%Matrix Market
150 150 22500
1 1 1.000000
1 2 0.998579
1 3 0.999987
1 4 0.999101
1 5 0.999758
1 6 0.999003
1 7 0.999080
1 8 0.999780
1 9 0.999135
1 10 0.998765
1 11 0.999995
1 12 0.998972
1 13 0.998830
1 14 0.999764
1 15 0.998541
1 16 0.998102
1 17 0.998906
1 18 0.999876
1 19 0.999641
1 20 0.999139
1 21 0.998551
1 22 0.999159
1 23 0.996713
1 24 0.997264
1 25 0.995868
1 26 0.997228
1 27 0.998819
1 28 0.999886
1 29 0.999761
1 30 0.998655
1 31 0.998359
1 32 0.998793
1 33 0.997776
1 34 0.998503
1 35 0.998765
1 36 0.999238
1 37 0.999091
1 38 0.998765
1 39 0.999842
1 40 0.999763
1 41 0.999742
1 42 0.991413
1 43 0.999566
1 44 0.997390
1 45 0.996597
1 46 0.998737
1 47 0.999000
1 48 0.999729
1 49 0.999954
1 50 0.999820
1 51 0.928380
1 52 0.925986
1 53 0.917664
1 54 0.906401
1 55 0.913458
1 56 0.907332
1 57 0.919065
1 58 0.932998
1 59 0.920305
1 60 0.916009
1 61 0.911670
1 62 0.923551
1 63 0.913877
1 64 0.908586
1 65 0.940232
1 66 0.931410
1 67 0.907636
1 68 0.924739
1 69 0.892315
1 70 0.921750
1 71 0.902616
1 72 0.930590
1 73 0.891041
1 74 0.908355
1 75 0.927322
1 76 0.927791
1 77 0.912364
1 78 0.906414
1 79 0.912300
1 80 0.941175
1 81 0.920729
1 82 0.925864
1 83 0.929022
1 84 0.883292
1 85 0.903309
1 86 0.922843
1 87 0.921207
1 88 0.903813
1 89 0.925644
1 90 0.913323
1 91 0.902713
1 92 0.914786
1 93 0.922580
1 94 0.931111
1 95 0.913807
1 96 0.925242
1 97 0.921149
1 98 0.924958
1 99 0.947516
1 100 0.921976
1 101 0.860081
1 102 0.873442
1 103 0.879002
1 104 0.874842
1 105 0.868656
1 106 0.866937
1 107 0.870881
1 108 0.871454
1 109 0.863447
1 110 0.883984
1 111 0.900368
1 112 0.879361
1 113 0.885953
1 114 0.865907
1 115 0.865480
1 116 0.886314
1 117 0.885306
1 118 0.884942
1 119 0.845206
1 120 0.870936
1 121 0.883658
1 122 0.877004
1 123 0.861079
1 124 0.892675
1 125 0.885988
1 126 0.887453
1 127 0.897338
1 128 0.897893
1 129 0.868886
1 130 0.890494
1 131 0.874987
1 132 0.898912
1 133 0.867028
1 134 0.893759
1 135 0.866400
1 136 0.879971
1 137 0.877662
1 138 0.886129
1 139 0.899386
1 140 0.893508
1 141 0.878256
1 142 0.898527
1 143 0.873442
1 144 0.875613
1 145 0.878619
1 146 0.889556
1 147 0.880900
1 148 0.891786
1 149 0.883909
1 150 0.886703
2 1 0.998579
2 2 1.000000
2 3 0.998791
2 4 0.998794
2 5 0.997241
2 6 0.996926
2 7 0.996280
2 8 0.998914
2 9 0.999261
2 10 0.999652
2 11 0.998651
2 12 0.997551
2 13 0.999815
2 14 0.997669
2 15 0.996100
2 16 0.993693
2 17 0.995864
2 18 0.998492
2 19 0.999251
2 20 0.995995
2 21 0.999692
2 22 0.996712
2 23 0.991309
2 24 0.998114
2 25 0.995241
2 26 0.999548
2 27 0.998285
2 28 0.999113
2 29 0.999429
2 30 0.998285
2 31 0.999152
2 32 0.999524
2 33 0.993069
2 34 0.994187
2 35 0.999652
2 36 0.999029
2 37 0.998961
2 38 0.999652
2 39 0.998863
2 40 0.999294
2 41 0.997690
2 42 0.996867
2 43 0.997013
2 44 0.996231
2 45 0.994499
2 46 0.999799
2 47 0.996074
2 48 0.998376
2 49 0.998227
2 50 0.999408
2 51 0.940003
2 52 0.936294
2 53 0.929869
2 54 0.919868
2 55 0.926330
2 56 0.918588
2 57 0.928867
2 58 0.943428
2 59 0.932776
2 60 0.926006
2 61 0.925637
2 62 0.933629
2 63 0.928894
2 64 0.920269
2 65 0.949389
2 66 0.942714
2 67 0.917464
2 68 0.936304
2 69 0.908122
2 70 0.933956
2 71 0.912299
2 72 0.942025
2 73 0.905593
2 74 0.920615
2 75 0.939099
2 76 0.939478
2 77 0.925929
2 78 0.918926
2 79 0.923562
2 80 0.952366
2 81 0.933271
2 82 0.938268
2 83 0.940343
2 84 0.896369
2 85 0.912687
2 86 0.931194
2 87 0.932858
2 88 0.919088
2 89 0.934909
2 90 0.925459
2 91 0.914687
2 92 0.925771
2 93 0.934672
2 94 0.942539
2 95 0.925108
2 96 0.934864
2 97 0.931401
2 98 0.936359
2 99 0.957209
2 100 0.932723
2 101 0.871272
2 102 0.886141
2 103 0.892916
2 104 0.887782
2 105 0.881556
2 106 0.882018
2 107 0.882324
2 108 0.886432
2 109 0.879270
2 110 0.895322
2 111 0.911558
2 112 0.893282
2 113 0.899082
2 114 0.879487
2 115 0.877555
2 116 0.897523
2 117 0.897961
2 118 0.896653
2 119 0.862357
2 120 0.886850
2 121 0.896098
2 122 0.888514
2 123 0.877257
2 124 0.906071
2 125 0.897608
2 126 0.900627
2 127 0.909891
2 128 0.909230
2 129 0.882507
2 130 0.904490
2 131 0.890439
2 132 0.910669
2 133 0.880638
2 134 0.906792
2 135 0.880648
2 136 0.894834
2 137 0.887954
2 138 0.898083
2 139 0.910417
2 140 0.906193
2 141 0.890779
2 142 0.910913
2 143 0.886141
2 144 0.888069
2 145 0.890219
2 146 0.902233
2 147 0.895512
2 148 0.904150
2 149 0.893800
2 150 0.897874
3 1 0.999987
3 2 0.998791
3 3 1.000000
3 4 0.999217
3 5 0.999668
3 6 0.999039
3 7 0.999036
3 8 0.999828
3 9 0.999283
3 10 0.998908
3 11 0.999986
3 12 0.999006
3 13 0.998972
3 14 0.999655
3 15 0.998393
3 16 0.997919
3 17 0.998819
3 18 0.999907
3 19 0.999751
3 20 0.999050
3 21 0.998755
3 22 0.999163
3 23 0.996370
3 24 0.997586
3 25 0.996003
3 26 0.997531
3 27 0.998988
3 28 0.999930
3 29 0.999825
3 30 0.998775
3 31 0.998560
3 32 0.999018
3 33 0.997486
3 34 0.998253
3 35 0.998908
3 36 0.999293
3 37 0.999142
3 38 0.998908
3 39 0.999890
3 40 0.999836
3 41 0.999714
3 42 0.991988
3 43 0.999495
3 44 0.997592
3 45 0.996678
3 46 0.998973
3 47 0.998901
3 48 0.999751
3 49 0.999921
3 50 0.999889
3 51 0.929929
3 52 0.927506
3 53 0.919305
3 54 0.908184
3 55 0.915176
3 56 0.908945
3 57 0.920594
3 58 0.934460
3 59 0.921924
3 60 0.917581
3 61 0.913414
3 62 0.925091
3 63 0.915624
3 64 0.910229
3 65 0.941634
3 66 0.932944
3 67 0.909207
3 68 0.926244
3 69 0.894291
3 70 0.923347
3 71 0.904241
3 72 0.932142
3 73 0.892929
3 74 0.909985
3 75 0.928889
3 76 0.929365
3 77 0.914090
3 78 0.908158
3 79 0.913939
3 80 0.942617
3 81 0.922357
3 82 0.927439
3 83 0.930560
3 84 0.885134
3 85 0.904868
3 86 0.924278
3 87 0.922814
3 88 0.905670
3 89 0.927087
3 90 0.915000
3 91 0.904368
3 92 0.916368
3 93 0.924186
3 94 0.932640
3 95 0.915418
3 96 0.926676
3 97 0.922664
3 98 0.926515
3 99 0.948907
3 100 0.923525
3 101 0.861999
3 102 0.875362
3 103 0.880956
3 104 0.876714
3 105 0.870612
3 106 0.868958
3 107 0.872737
3 108 0.873415
3 109 0.865513
3 110 0.885819
3 111 0.902112
3 112 0.881316
3 113 0.887860
3 114 0.867935
3 115 0.867486
3 116 0.888155
3 117 0.887130
3 118 0.886712
3 119 0.847435
3 120 0.872969
3 121 0.885556
3 122 0.878874
3 123 0.863159
3 124 0.894556
3 125 0.887792
3 126 0.889269
3 127 0.899159
3 128 0.899632
3 129 0.870880
3 130 0.892318
3 131 0.876993
3 132 0.900615
3 133 0.869046
3 134 0.895536
3 135 0.868288
3 136 0.881996
3 137 0.879473
3 138 0.887908
3 139 0.901108
3 140 0.895366
3 141 0.880203
3 142 0.900400
3 143 0.875362
3 144 0.877528
3 145 0.880518
3 146 0.891478
3 147 0.882910
3 148 0.893629
3 149 0.885669
3 150 0.888459
4 1 0.999101
4 2 0.998794
4 3 0.999217
4 4 1.000000
4 5 0.998717
4 6 0.999135
4 7 0.998696
4 8 0.999769
4 9 0.999939
4 10 0.999386
4 11 0.999206
4 12 0.999744
4 13 0.999057
4 14 0.998107
4 15 0.995380
4 16 0.996135
4 17 0.996673
4 18 0.999029
4 19 0.999742
4 20 0.998360
4 21 0.999533
4 22 0.998617
4 23 0.993141
4 24 0.998818
4 25 0.998582
4 26 0.998706
4 27 0.999555
4 28 0.999567
4 29 0.999003
4 30 0.999937
4 31 0.999782
4 32 0.998655
4 33 0.996324
4 34 0.996249
4 35 0.999386
4 36 0.997647
4 37 0.997403
4 38 0.999386
4 39 0.999681
4 40 0.999694
4 41 0.998297
4 42 0.992904
4 43 0.998963
4 44 0.998024
4 45 0.998301
4 46 0.999075
4 47 0.998787
4 48 0.999712
4 49 0.999212
4 50 0.999359
4 51 0.942363
4 52 0.940213
4 53 0.932725
4 54 0.922293
4 55 0.928711
4 56 0.923691
4 57 0.934012
4 58 0.946601
4 59 0.935160
4 60 0.931113
4 61 0.927125
4 62 0.937888
4 63 0.928912
4 64 0.924726
4 65 0.952704
4 66 0.944952
4 67 0.923733
4 68 0.939468
4 69 0.909002
4 70 0.936498
4 71 0.918845
4 72 0.944158
4 73 0.908379
4 74 0.924695
4 75 0.941373
4 76 0.941698
4 77 0.927812
4 78 0.922368
4 79 0.927871
4 80 0.953647
4 81 0.935477
4 82 0.940140
4 83 0.942925
4 84 0.901499
4 85 0.919791
4 86 0.937323
4 87 0.935883
4 88 0.919694
4 89 0.940097
4 90 0.928735
4 91 0.919545
4 92 0.930332
4 93 0.937144
4 94 0.944765
4 95 0.929388
4 96 0.939916
4 97 0.936066
4 98 0.939361
4 99 0.958881
4 100 0.936708
4 101 0.879271
4 102 0.892022
4 103 0.897157
4 104 0.893700
4 105 0.887537
4 106 0.886224
4 107 0.889646
4 108 0.890607
4 109 0.882955
4 110 0.901457
4 111 0.916611
4 112 0.897464
4 113 0.903389
4 114 0.884767
4 115 0.883760
4 116 0.903379
4 117 0.903281
4 118 0.902996
4 119 0.865737
4 120 0.889867
4 121 0.901161
4 122 0.895037
4 123 0.880799
4 124 0.909599
4 125 0.903648
4 126 0.905383
4 127 0.913882
4 128 0.914557
4 129 0.887735
4 130 0.908185
4 131 0.893578
4 132 0.915868
4 133 0.885864
4 134 0.911177
4 135 0.886268
4 136 0.897714
4 137 0.895450
4 138 0.904082
4 139 0.915871
4 140 0.910267
4 141 0.895960
4 142 0.914286
4 143 0.892022
4 144 0.893886
4 145 0.896240
4 146 0.906172
4 147 0.898580
4 148 0.908769
4 149 0.901235
4 150 0.904442
5 1 0.999758
5 2 0.997241
5 3 0.999668
5 4 0.998717
5 5 1.000000
5 6 0.999300
5 7 0.999603
5 8 0.999465
5 9 0.998530
5 10 0.997753
5 11 0.999739
5 12 0.999084
5 13 0.997690
5 14 0.999672
5 15 0.998300
5 16 0.999050
5 17 0.999158
5 18 0.999636
5 19 0.999132
5 20 0.999739
5 21 0.997503
5 22 0.999490
5 23 0.997779
5 24 0.996500
5 25 0.996019
5 26 0.995735
5 27 0.998522
5 28 0.999461
5 29 0.999038
5 30 0.998382
5 31 0.997570
5 32 0.997718
5 33 0.998952
5 34 0.999333
5 35 0.997753
5 36 0.998283
5 37 0.998078
5 38 0.997753
5 39 0.999550
5 40 0.999249
5 41 0.999689
5 42 0.988469
5 43 0.999919
5 44 0.997383
5 45 0.997239
5 46 0.997603
5 47 0.999609
5 48 0.999643
5 49 0.999888
5 50 0.999197
5 51 0.925272
5 52 0.923559
5 53 0.914523
5 54 0.902859
5 55 0.910053
5 56 0.904918
5 57 0.917037
5 58 0.930366
5 59 0.916986
5 60 0.913930
5 61 0.907784
5 62 0.921263
5 63 0.909396
5 64 0.905925
5 65 0.937965
5 66 0.928360
5 67 0.905849
5 68 0.921805
5 69 0.887856
5 70 0.918532
5 71 0.900941
5 72 0.927486
5 73 0.887305
5 74 0.905455
5 75 0.924157
5 76 0.924642
5 77 0.908667
5 78 0.903337
5 79 0.909723
5 80 0.937933
5 81 0.917356
5 82 0.922445
5 83 0.926041
5 84 0.880444
5 85 0.901818
5 86 0.921397
5 87 0.918245
5 88 0.899412
5 89 0.923751
5 90 0.910298
5 91 0.900062
5 92 0.912323
5 93 0.919381
5 94 0.928023
5 95 0.911206
5 96 0.923221
5 97 0.918893
5 98 0.922047
5 99 0.944754
5 100 0.919450
5 101 0.858378
5 102 0.870877
5 103 0.875765
5 104 0.872206
5 105 0.866066
5 106 0.863391
5 107 0.868948
5 108 0.867914
5 109 0.859600
5 110 0.881823
5 111 0.897994
5 112 0.876110
5 113 0.882932
5 114 0.863000
5 115 0.863178
5 116 0.884131
5 117 0.882608
5 118 0.882705
5 119 0.840975
5 120 0.866914
5 121 0.880984
5 122 0.874887
5 123 0.857109
5 124 0.889409
5 125 0.883721
5 126 0.884492
5 127 0.894386
5 128 0.895535
5 129 0.865949
5 130 0.887086
5 131 0.871110
5 132 0.896404
5 133 0.864099
5 134 0.890748
5 135 0.863348
5 136 0.876205
5 137 0.876070
5 138 0.883756
5 139 0.897134
5 140 0.890547
5 141 0.875597
5 142 0.895504
5 143 0.870877
5 144 0.873099
5 145 0.876379
5 146 0.886585
5 147 0.877238
5 148 0.889024
5 149 0.882401
5 150 0.884658
6 1 0.999003
6 2 0.996926
6 3 0.999039
6 4 0.999135
6 5 0.999300
6 6 1.000000
6 7 0.999869
6 8 0.999263
6 9 0.998869
6 10 0.997372
6 11 0.999007
6 12 0.999517
6 13 0.997034
6 14 0.998170
6 15 0.996034
6 16 0.998525
6 17 0.998373
6 18 0.999298
6 19 0.999197
6 20 0.999655
6 21 0.997671
6 22 0.999861
6 23 0.995777
6 24 0.998301
6 25 0.997678
6 26 0.996155
6 27 0.999571
6 28 0.999007
6 29 0.998229
6 30 0.999050
6 31 0.998174
6 32 0.997918
6 33 0.997853
6 34 0.997958
6 35 0.997372
6 36 0.996922
6 37 0.996567
6 38 0.997372
6 39 0.999367
6 40 0.998942
6 41 0.999048
6 42 0.989074
6 43 0.999627
6 44 0.999205
6 45 0.999082
6 46 0.997853
6 47 0.999509
6 48 0.999564
6 49 0.999249
6 50 0.998631
6 51 0.936099
6 52 0.935259
6 53 0.926291
6 54 0.915386
6 55 0.922133
6 56 0.917739
6 57 0.929551
6 58 0.941125
6 59 0.928233
6 60 0.926789
6 61 0.919339
6 62 0.933398
6 63 0.919966
6 64 0.918608
6 65 0.948630
6 66 0.939102
6 67 0.919283
6 68 0.932597
6 69 0.900796
6 70 0.929723
6 71 0.915078
6 72 0.938312
6 73 0.900661
6 74 0.917638
6 75 0.935072
6 76 0.935640
6 77 0.920358
6 78 0.916278
6 79 0.922450
6 80 0.947382
6 81 0.928586
6 82 0.933053
6 83 0.936968
6 84 0.894909
6 85 0.915668
6 86 0.933936
6 87 0.929935
6 88 0.911242
6 89 0.935620
6 90 0.922629
6 91 0.912947
6 92 0.924695
6 93 0.930659
6 94 0.938660
6 95 0.923623
6 96 0.934820
6 97 0.930906
6 98 0.933331
6 99 0.954391
6 100 0.931315
6 101 0.875541
6 102 0.886582
6 103 0.890642
6 104 0.887374
6 105 0.882105
6 106 0.878528
6 107 0.885113
6 108 0.882474
6 109 0.874689
6 110 0.897281
6 111 0.912111
6 112 0.890976
6 113 0.897658
6 114 0.879200
6 115 0.880099
6 116 0.899563
6 117 0.897136
6 118 0.897477
6 119 0.857078
6 120 0.881337
6 121 0.896189
6 122 0.890808
6 123 0.872148
6 124 0.903430
6 125 0.898725
6 126 0.898504
6 127 0.908311
6 128 0.909677
6 129 0.881772
6 130 0.900415
6 131 0.885480
6 132 0.909982
6 133 0.880169
6 134 0.904259
6 135 0.878097
6 136 0.890840
6 137 0.892265
6 138 0.898381
6 139 0.911271
6 140 0.904831
6 141 0.891317
6 142 0.909722
6 143 0.886582
6 144 0.888815
6 145 0.892324
6 146 0.901445
6 147 0.891902
6 148 0.903509
6 149 0.898201
6 150 0.899592
7 1 0.999080
7 2 0.996280
7 3 0.999036
7 4 0.998696
7 5 0.999603
7 6 0.999869
7 7 1.000000
7 8 0.999090
7 9 0.998352
7 10 0.996868
7 11 0.999063
7 12 0.999319
7 13 0.996571
7 14 0.998574
7 15 0.996686
7 16 0.999189
7 17 0.998796
7 18 0.999261
7 19 0.998853
7 20 0.999945
7 21 0.996976
7 22 0.999885
7 23 0.997013
7 24 0.997264
7 25 0.997024
7 26 0.995143
7 27 0.999019
7 28 0.998873
7 29 0.998081
7 30 0.998568
7 31 0.997453
7 32 0.997287
7 33 0.998738
7 34 0.998813
7 35 0.996868
7 36 0.996874
7 37 0.996538
7 38 0.996868
7 39 0.999213
7 40 0.998708
7 41 0.999227
7 42 0.987323
7 43 0.999842
7 44 0.998593
7 45 0.998691
7 46 0.997144
7 47 0.999764
7 48 0.999468
7 49 0.999367
7 50 0.998444
7 51 0.930605
7 52 0.929840
7 53 0.920451
7 54 0.909091
7 55 0.916070
7 56 0.911866
7 57 0.924051
7 58 0.935905
7 59 0.922462
7 60 0.921162
7 61 0.913171
7 62 0.927921
7 63 0.913809
7 64 0.912672
7 65 0.943695
7 66 0.933692
7 67 0.913566
7 68 0.927139
7 69 0.893896
7 70 0.924023
7 71 0.909218
7 72 0.932852
7 73 0.893944
7 74 0.911704
7 75 0.929523
7 76 0.930087
7 77 0.914244
7 78 0.910090
7 79 0.916585
7 80 0.942306
7 81 0.922801
7 82 0.927448
7 83 0.931514
7 84 0.888254
7 85 0.909953
7 86 0.928742
7 87 0.924230
7 88 0.904724
7 89 0.930393
7 90 0.916668
7 91 0.906909
7 92 0.918980
7 93 0.924959
7 94 0.933252
7 95 0.917828
7 96 0.929586
7 97 0.925432
7 98 0.927778
7 99 0.949577
7 100 0.925766
7 101 0.868642
7 102 0.879704
7 103 0.883697
7 104 0.880584
7 105 0.875105
7 106 0.871282
7 107 0.878401
7 108 0.875394
7 109 0.867296
7 110 0.890746
7 111 0.905923
7 112 0.884031
7 113 0.890911
7 114 0.872008
7 115 0.873048
7 116 0.893055
7 117 0.890554
7 118 0.891043
7 119 0.849156
7 120 0.874080
7 121 0.889474
7 122 0.884128
7 123 0.864693
7 124 0.896792
7 125 0.892245
7 126 0.891937
7 127 0.901877
7 128 0.903458
7 129 0.874667
7 130 0.893834
7 131 0.878332
7 132 0.903818
7 133 0.873003
7 134 0.897839
7 135 0.871144
7 136 0.883739
7 137 0.885782
7 138 0.891929
7 139 0.905118
7 140 0.898280
7 141 0.884458
7 142 0.903236
7 143 0.879704
7 144 0.881982
7 145 0.885611
7 146 0.894749
7 147 0.884848
7 148 0.896983
7 149 0.891897
7 150 0.893230
8 1 0.999780
8 2 0.998914
8 3 0.999828
8 4 0.999769
8 5 0.999465
8 6 0.999263
8 7 0.999090
8 8 1.000000
8 9 0.999756
8 10 0.999318
8 11 0.999831
8 12 0.999578
8 13 0.999188
8 14 0.999181
8 15 0.997202
8 16 0.997322
8 17 0.997992
8 18 0.999665
8 19 0.999906
8 20 0.998959
8 21 0.999269
8 22 0.999081
8 23 0.995157
8 24 0.998212
8 25 0.997436
8 26 0.998191
8 27 0.999375
8 28 0.999955
8 29 0.999613
8 30 0.999514
8 31 0.999291
8 32 0.998923
8 33 0.997292
8 34 0.997608
8 35 0.999318
8 36 0.998677
8 37 0.998485
8 38 0.999318
8 39 0.999983
8 40 0.999955
8 41 0.999232
8 42 0.992361
8 43 0.999485
8 44 0.997861
8 45 0.997633
8 46 0.999114
8 47 0.999117
8 48 0.999942
8 49 0.999812
8 50 0.999818
8 51 0.935409
8 52 0.933109
8 53 0.925212
8 54 0.914346
8 55 0.921091
8 56 0.915518
8 57 0.926531
8 58 0.939835
8 59 0.927768
8 60 0.923541
8 61 0.919427
8 62 0.930713
8 63 0.921453
8 64 0.916661
8 65 0.946486
8 66 0.938212
8 67 0.915663
8 68 0.932159
8 69 0.900648
8 70 0.929160
8 71 0.910681
8 72 0.937401
8 73 0.899702
8 74 0.916555
8 75 0.934381
8 76 0.934771
8 77 0.920113
8 78 0.914377
8 79 0.920077
8 80 0.947474
8 81 0.928136
8 82 0.933052
8 83 0.936005
8 84 0.892365
8 85 0.911521
8 86 0.930069
8 87 0.928560
8 88 0.911775
8 89 0.932882
8 90 0.921031
8 91 0.911141
8 92 0.922567
8 93 0.929891
8 94 0.937976
8 95 0.921604
8 96 0.932606
8 97 0.928620
8 98 0.932187
8 99 0.953232
8 100 0.929354
8 101 0.869555
8 102 0.882657
8 103 0.888026
8 104 0.884225
8 105 0.878012
8 106 0.876537
8 107 0.880177
8 108 0.881010
8 109 0.873162
8 110 0.892635
8 111 0.908435
8 112 0.888358
8 113 0.894610
8 114 0.875242
8 115 0.874485
8 116 0.894753
8 117 0.894257
8 118 0.893927
8 119 0.855405
8 120 0.880378
8 121 0.892332
8 122 0.885927
8 123 0.870906
8 124 0.901095
8 125 0.894757
8 126 0.896401
8 127 0.905566
8 128 0.906179
8 129 0.878233
8 130 0.899343
8 131 0.884256
8 132 0.907375
8 133 0.876356
8 134 0.902461
8 135 0.876325
8 136 0.888786
8 137 0.886450
8 138 0.895067
8 139 0.907580
8 140 0.901833
8 141 0.887011
8 142 0.906331
8 143 0.882657
8 144 0.884667
8 145 0.887325
8 146 0.897779
8 147 0.889682
8 148 0.900220
8 149 0.892474
8 150 0.895517
9 1 0.999135
9 2 0.999261
9 3 0.999283
9 4 0.999939
9 5 0.998530
9 6 0.998869
9 7 0.998352
9 8 0.999756
9 9 1.000000
9 10 0.999617
9 11 0.999233
9 12 0.999451
9 13 0.999389
9 14 0.998112
9 15 0.995622
9 16 0.995744
9 17 0.996655
9 18 0.999093
9 19 0.999835
9 20 0.998006
9 21 0.999777
9 22 0.998406
9 23 0.992800
9 24 0.998980
9 25 0.998084
9 26 0.999127
9 27 0.999532
9 28 0.999633
9 29 0.999257
9 30 0.999784
9 31 0.999866
9 32 0.999088
9 33 0.995684
9 34 0.995884
9 35 0.999617
9 36 0.998098
9 37 0.997885
9 38 0.999617
9 39 0.999680
9 40 0.999781
9 41 0.998328
9 42 0.994084
9 43 0.998689
9 44 0.997940
9 45 0.997723
9 46 0.999471
9 47 0.998340
9 48 0.999594
9 49 0.999143
9 50 0.999539
9 51 0.942665
9 52 0.940208
9 53 0.932966
9 54 0.922685
9 55 0.929088
9 56 0.923459
9 57 0.933768
9 58 0.946709
9 59 0.935476
9 60 0.930903
9 61 0.927669
9 62 0.937835
9 63 0.929734
9 64 0.924641
9 65 0.952789
9 66 0.945283
9 67 0.923276
9 68 0.939562
9 69 0.909782
9 70 0.936773
9 71 0.918375
9 72 0.944520
9 73 0.908727
9 74 0.924656
9 75 0.941701
9 76 0.942048
9 77 0.928273
9 78 0.922549
9 79 0.927834
9 80 0.954119
9 81 0.935835
9 82 0.940535
9 83 0.943183
9 84 0.901361
9 85 0.919161
9 86 0.936853
9 87 0.936083
9 88 0.920463
9 89 0.939799
9 90 0.928916
9 91 0.919369
9 92 0.930207
9 93 0.937446
9 94 0.945088
9 95 0.929333
9 96 0.939625
9 97 0.935897
9 98 0.939539
9 99 0.959293
9 100 0.936693
9 101 0.878647
9 102 0.891798
9 103 0.897266
9 104 0.893420
9 105 0.887311
9 106 0.886343
9 107 0.889111
9 108 0.890689
9 109 0.883191
9 110 0.901171
9 111 0.916496
9 112 0.897586
9 113 0.903482
9 114 0.884721
9 115 0.883560
9 116 0.903164
9 117 0.903107
9 118 0.902596
9 119 0.866109
9 120 0.890219
9 121 0.901110
9 122 0.894686
9 123 0.881061
9 124 0.909830
9 125 0.903345
9 126 0.905303
9 127 0.914001
9 128 0.914372
9 129 0.887672
9 130 0.908308
9 131 0.893902
9 132 0.915663
9 133 0.885822
9 134 0.911154
9 135 0.886008
9 136 0.898135
9 137 0.894892
9 138 0.903754
9 139 0.915658
9 140 0.910391
9 141 0.895918
9 142 0.914588
9 143 0.891798
9 144 0.893684
9 145 0.896018
9 146 0.906376
9 147 0.898960
9 148 0.908775
9 149 0.900668
9 150 0.904006
10 1 0.998765
10 2 0.999652
10 3 0.998908
10 4 0.999386
10 5 0.997753
10 6 0.997372
10 7 0.996868
10 8 0.999318
10 9 0.999617
10 10 1.000000
10 11 0.998893
10 12 0.998521
10 13 0.999929
10 14 0.997962
10 15 0.995624
10 16 0.994037
10 17 0.995503
10 18 0.998408
10 19 0.999350
10 20 0.996606
10 21 0.999880
10 22 0.996903
10 23 0.991605
10 24 0.997811
10 25 0.996867
10 26 0.999497
10 27 0.998361
10 28 0.999353
10 29 0.999290
10 30 0.999101
10 31 0.999617
10 32 0.998771
10 33 0.994477
10 34 0.994823
10 35 1.000000
10 36 0.998414
10 37 0.998323
10 38 1.000000
10 39 0.999157
10 40 0.999533
10 41 0.997545
10 42 0.995247
10 43 0.997676
10 44 0.995932
10 45 0.995674
10 46 0.999327
10 47 0.997155
10 48 0.998908
10 49 0.998624
10 50 0.999422
10 51 0.940427
10 52 0.936929
10 53 0.930403
10 54 0.920089
10 55 0.926519
10 56 0.920076
10 57 0.929855
10 58 0.944076
10 59 0.933364
10 60 0.926807
10 61 0.925903
10 62 0.934163
10 63 0.928978
10 64 0.921444
10 65 0.949577
10 66 0.942910
10 67 0.918907
10 68 0.937517
10 69 0.907748
10 70 0.934601
10 71 0.913427
10 72 0.942126
10 73 0.906138
10 74 0.922086
10 75 0.939455
10 76 0.939672
10 77 0.926274
10 78 0.919347
10 79 0.924338
10 80 0.952499
10 81 0.933733
10 82 0.938780
10 83 0.940753
10 84 0.897645
10 85 0.914415
10 86 0.932373
10 87 0.933324
10 88 0.918971
10 89 0.936125
10 90 0.925963
10 91 0.916264
10 92 0.926909
10 93 0.935124
10 94 0.942866
10 95 0.926101
10 96 0.936331
10 97 0.932516
10 98 0.936968
10 99 0.956805
10 100 0.933535
10 101 0.872427
10 102 0.887058
10 103 0.893455
10 104 0.889253
10 105 0.882435
10 106 0.882948
10 107 0.883669
10 108 0.887697
10 109 0.880111
10 110 0.895953
10 111 0.912018
10 112 0.893775
10 113 0.899383
10 114 0.879915
10 115 0.877578
10 116 0.897830
10 117 0.899158
10 118 0.898187
10 119 0.862859
10 120 0.887564
10 121 0.896435
10 122 0.889283
10 123 0.878181
10 124 0.906257
10 125 0.898624
10 126 0.901915
10 127 0.910159
10 128 0.910020
10 129 0.883178
10 130 0.905659
10 131 0.891069
10 132 0.911964
10 133 0.881123
10 134 0.908004
10 135 0.882819
10 136 0.894704
10 137 0.888844
10 138 0.899510
10 139 0.911176
10 140 0.906353
10 141 0.890901
10 142 0.910270
10 143 0.887058
10 144 0.888787
10 145 0.890522
10 146 0.901835
10 147 0.895416
10 148 0.904532
10 149 0.894706
10 150 0.899227
11 1 0.999995
11 2 0.998651
11 3 0.999986
11 4 0.999206
11 5 0.999739
11 6 0.999007
11 7 0.999063
11 8 0.999831
11 9 0.999233
11 10 0.998893
11 11 1.000000
11 12 0.999069
11 13 0.998934
11 14 0.999734
11 15 0.998396
11 16 0.997972
11 17 0.998756
11 18 0.999843
11 19 0.999681
11 20 0.999106
11 21 0.998676
11 22 0.999113
11 23 0.996518
11 24 0.997328
11 25 0.996091
11 26 0.997384
11 27 0.998856
11 28 0.999920
11 29 0.999770
11 30 0.998786
11 31 0.998504
11 32 0.998786
11 33 0.997755
11 34 0.998407
11 35 0.998893
11 36 0.999192
11 37 0.999045
11 38 0.998893
11 39 0.999875
11 40 0.999813
11 41 0.999667
11 42 0.991534
11 43 0.999566
11 44 0.997357
11 45 0.996696
11 46 0.998781
11 47 0.999033
11 48 0.999773
11 49 0.999960
11 50 0.999844
11 51 0.929114
11 52 0.926687
11 53 0.918445
11 54 0.907211
11 55 0.914232
11 56 0.908189
11 57 0.919790
11 58 0.933700
11 59 0.921102
11 60 0.916722
11 61 0.912503
11 62 0.924232
11 63 0.914732
11 64 0.909424
11 65 0.940817
11 66 0.932101
11 67 0.908422
11 68 0.925564
11 69 0.893169
11 70 0.922541
11 71 0.903362
11 72 0.931276
11 73 0.891947
11 74 0.909254
11 75 0.928056
11 76 0.928501
11 77 0.913188
11 78 0.907204
11 79 0.913071
11 80 0.941844
11 81 0.921514
11 82 0.926644
11 83 0.929740
11 84 0.884222
11 85 0.904109
11 86 0.923520
11 87 0.921953
11 88 0.904665
11 89 0.926366
11 90 0.914101
11 91 0.903615
11 92 0.915584
11 93 0.923343
11 94 0.931823
11 95 0.914604
11 96 0.926009
11 97 0.921907
11 98 0.925706
11 99 0.948049
11 100 0.922721
11 101 0.860923
11 102 0.874319
11 103 0.879887
11 104 0.875793
11 105 0.869540
11 106 0.867926
11 107 0.871751
11 108 0.872474
11 109 0.864461
11 110 0.884759
11 111 0.901106
11 112 0.880241
11 113 0.886770
11 114 0.866770
11 115 0.866227
11 116 0.887044
11 117 0.886206
11 118 0.885839
11 119 0.846250
11 120 0.871935
11 121 0.884449
11 122 0.877806
11 123 0.862120
11 124 0.893487
11 125 0.886820
11 126 0.888386
11 127 0.898119
11 128 0.898678
11 129 0.869779
11 130 0.891448
11 131 0.875954
11 132 0.899775
11 133 0.867899
11 134 0.894672
11 135 0.867494
11 136 0.880820
11 137 0.878422
11 138 0.887024
11 139 0.900153
11 140 0.894285
11 141 0.879029
11 142 0.899192
11 143 0.874319
11 144 0.876454
11 145 0.879370
11 146 0.890269
11 147 0.881741
11 148 0.892575
11 149 0.884649
11 150 0.887552
12 1 0.998972
12 2 0.997551
12 3 0.999006
12 4 0.999744
12 5 0.999084
12 6 0.999517
12 7 0.999319
12 8 0.999578
12 9 0.999451
12 10 0.998521
12 11 0.999069
12 12 1.000000
12 13 0.998053
12 14 0.998150
12 15 0.995229
12 16 0.997164
12 17 0.996974
12 18 0.998869
12 19 0.999330
12 20 0.999067
12 21 0.998606
12 22 0.999016
12 23 0.994315
12 24 0.998086
12 25 0.998904
12 26 0.997323
12 27 0.999324
12 28 0.999261
12 29 0.998383
12 30 0.999802
12 31 0.999120
12 32 0.997618
12 33 0.997680
12 34 0.997209
12 35 0.998521
12 36 0.996774
12 37 0.996475
12 38 0.998521
12 39 0.999502
12 40 0.999298
12 41 0.998320
12 42 0.989977
12 43 0.999441
12 44 0.998021
12 45 0.999053
12 46 0.998004
12 47 0.999544
12 48 0.999750
12 49 0.999270
12 50 0.998844
12 51 0.939221
12 52 0.937727
12 53 0.929538
12 54 0.918673
12 55 0.925232
12 56 0.921265
12 57 0.931923
12 58 0.943940
12 59 0.931819
12 60 0.928950
12 61 0.923201
12 62 0.935517
12 63 0.924420
12 64 0.922038
12 65 0.950357
12 66 0.941847
12 67 0.921895
12 68 0.936564
12 69 0.904435
12 70 0.933260
12 71 0.917070
12 72 0.940992
12 73 0.904581
12 74 0.921813
12 75 0.938168
12 76 0.938491
12 77 0.924073
12 78 0.919206
12 79 0.925228
12 80 0.950382
12 81 0.932072
12 82 0.936711
12 83 0.939901
12 84 0.898595
12 85 0.918254
12 86 0.935813
12 87 0.932864
12 88 0.915231
12 89 0.938173
12 90 0.925645
12 91 0.916896
12 92 0.927840
12 93 0.933905
12 94 0.941638
12 95 0.926748
12 96 0.937896
12 97 0.933780
12 98 0.936415
12 99 0.956029
12 100 0.934137
12 101 0.877399
12 102 0.889332
12 103 0.893804
12 104 0.891002
12 105 0.884811
12 106 0.882602
12 107 0.887594
12 108 0.887033
12 109 0.879034
12 110 0.899138
12 111 0.914103
12 112 0.894094
12 113 0.900229
12 114 0.881693
12 115 0.881216
12 116 0.901011
12 117 0.900516
12 118 0.900699
12 119 0.861392
12 120 0.885782
12 121 0.898326
12 122 0.892762
12 123 0.876768
12 124 0.906209
12 125 0.901271
12 126 0.902383
12 127 0.910803
12 128 0.912093
12 129 0.884661
12 130 0.904758
12 131 0.889627
12 132 0.913316
12 133 0.882777
12 134 0.908134
12 135 0.883240
12 136 0.893797
12 137 0.893687
12 138 0.901647
12 139 0.913507
12 140 0.907162
12 141 0.893109
12 142 0.911053
12 143 0.889332
12 144 0.891228
12 145 0.893805
12 146 0.902995
12 147 0.894767
12 148 0.905870
12 149 0.899563
12 150 0.902310
13 1 0.998830
13 2 0.999815
13 3 0.998972
13 4 0.999057
13 5 0.997690
13 6 0.997034
13 7 0.996571
13 8 0.999188
13 9 0.999389
13 10 0.999929
13 11 0.998934
13 12 0.998053
13 13 1.000000
13 14 0.998149
13 15 0.996249
13 16 0.993996
13 17 0.995770
13 18 0.998481
13 19 0.999272
13 20 0.996376
13 21 0.999749
13 22 0.996726
13 23 0.991897
13 24 0.997506
13 25 0.995904
13 26 0.999398
13 27 0.998081
13 28 0.999335
13 29 0.999483
13 30 0.998638
13 31 0.999294
13 32 0.998969
13 33 0.994179
13 34 0.994860
13 35 0.999929
13 36 0.998895
13 37 0.998844
13 38 0.999929
13 39 0.999062
13 40 0.999484
13 41 0.997704
13 42 0.995669
13 43 0.997472
13 44 0.995620
13 45 0.994832
13 46 0.999413
13 47 0.996760
13 48 0.998706
13 49 0.998590
13 50 0.999509
13 51 0.937940
13 52 0.934179
13 53 0.927675
13 54 0.917312
13 55 0.923849
13 56 0.916783
13 57 0.926806
13 58 0.941523
13 59 0.930729
13 60 0.923751
13 61 0.923318
13 62 0.931357
13 63 0.926668
13 64 0.918293
13 65 0.947207
13 66 0.940522
13 67 0.915499
13 68 0.934756
13 69 0.905097
13 70 0.931957
13 71 0.909981
13 72 0.939754
13 73 0.903069
13 74 0.918936
13 75 0.936973
13 76 0.937230
13 77 0.923632
13 78 0.916410
13 79 0.921319
13 80 0.950409
13 81 0.931147
13 82 0.936308
13 83 0.938249
13 84 0.894078
13 85 0.910817
13 86 0.929250
13 87 0.930637
13 88 0.916465
13 89 0.933132
13 90 0.923126
13 91 0.912926
13 92 0.923837
13 93 0.932531
13 94 0.940453
13 95 0.923072
13 96 0.933306
13 97 0.929529
13 98 0.934317
13 99 0.954866
13 100 0.930687
13 101 0.868327
13 102 0.883355
13 103 0.890063
13 104 0.885466
13 105 0.878674
13 106 0.879362
13 107 0.879714
13 108 0.884115
13 109 0.876567
13 110 0.892403
13 111 0.908816
13 112 0.890402
13 113 0.896108
13 114 0.876281
13 115 0.873934
13 116 0.894402
13 117 0.895606
13 118 0.894462
13 119 0.859220
13 120 0.884208
13 121 0.893045
13 122 0.885586
13 123 0.874619
13 124 0.903174
13 125 0.895034
13 126 0.898440
13 127 0.907067
13 128 0.906695
13 129 0.879538
13 130 0.902373
13 131 0.887754
13 132 0.908579
13 133 0.877496
13 134 0.904664
13 135 0.878873
13 136 0.891604
13 137 0.885044
13 138 0.895855
13 139 0.907863
13 140 0.903223
13 141 0.887478
13 142 0.907440
13 143 0.883355
13 144 0.885152
13 145 0.886985
13 146 0.898781
13 147 0.892297
13 148 0.901279
13 149 0.890985
13 150 0.895532
14 1 0.999764
14 2 0.997669
14 3 0.999655
14 4 0.998107
14 5 0.999672
14 6 0.998170
14 7 0.998574
14 8 0.999181
14 9 0.998112
14 10 0.997962
14 11 0.999734
14 12 0.998150
14 13 0.998149
14 14 1.000000
14 15 0.999217
14 16 0.998251
14 17 0.998965
14 18 0.999438
14 19 0.998841
14 20 0.998859
14 21 0.997445
14 22 0.998552
14 23 0.997742
14 24 0.995429
14 25 0.994313
14 26 0.995810
14 27 0.997568
14 28 0.999396
14 29 0.999377
14 30 0.997548
14 31 0.997096
14 32 0.997756
14 33 0.998232
14 34 0.999041
14 35 0.997962
14 36 0.999109
14 37 0.999022
14 38 0.997962
14 39 0.999255
14 40 0.999152
14 41 0.999563
14 42 0.989417
14 43 0.999286
14 44 0.995878
14 45 0.995205
14 46 0.997617
14 47 0.998683
14 48 0.999150
14 49 0.999709
14 50 0.999329
14 51 0.920441
14 52 0.917842
14 53 0.909180
14 54 0.897356
14 55 0.904722
14 56 0.898490
14 57 0.910612
14 58 0.925281
14 59 0.912025
14 60 0.907362
14 61 0.903006
14 62 0.915239
14 63 0.905515
14 64 0.899743
14 65 0.932776
14 66 0.923566
14 67 0.898736
14 68 0.916814
14 69 0.882704
14 70 0.913539
14 71 0.893410
14 72 0.922686
14 73 0.881422
14 74 0.899653
14 75 0.919317
14 76 0.919763
14 77 0.903700
14 78 0.897324
14 79 0.903510
14 80 0.933967
14 81 0.912448
14 82 0.917900
14 83 0.921084
14 84 0.873377
14 85 0.894281
14 86 0.914612
14 87 0.912851
14 88 0.894812
14 89 0.917582
14 90 0.904584
14 91 0.893722
14 92 0.906205
14 93 0.914349
14 94 0.923296
14 95 0.905156
14 96 0.917246
14 97 0.912858
14 98 0.916834
14 99 0.940471
14 100 0.913680
14 101 0.849200
14 102 0.863007
14 103 0.868766
14 104 0.864614
14 105 0.858031
14 106 0.856384
14 107 0.860427
14 108 0.861187
14 109 0.852798
14 110 0.873890
14 111 0.890934
14 112 0.869130
14 113 0.875918
14 114 0.855101
14 115 0.854584
14 116 0.876258
14 117 0.875431
14 118 0.875101
14 119 0.833869
14 120 0.860590
14 121 0.873509
14 122 0.866661
14 123 0.850397
14 124 0.882933
14 125 0.876058
14 126 0.877736
14 127 0.887778
14 128 0.888420
14 129 0.858248
14 130 0.880970
14 131 0.864742
14 132 0.889632
14 133 0.856277
14 134 0.884304
14 135 0.856150
14 136 0.869705
14 137 0.867387
14 138 0.876318
14 139 0.889966
14 140 0.883758
14 141 0.867852
14 142 0.888869
14 143 0.863007
14 144 0.865214
14 145 0.868257
14 146 0.879542
14 147 0.870661
14 148 0.881989
14 149 0.873886
14 150 0.876874
15 1 0.998541
15 2 0.996100
15 3 0.998393
15 4 0.995380
15 5 0.998300
15 6 0.996034
15 7 0.996686
15 8 0.997202
15 9 0.995622
15 10 0.995624
15 11 0.998396
15 12 0.995229
15 13 0.996249
15 14 0.999217
15 15 1.000000
15 16 0.997596
15 17 0.999006
15 18 0.998362
15 19 0.997003
15 20 0.997222
15 21 0.994971
15 22 0.997051
15 23 0.998219
15 24 0.992881
15 25 0.989615
15 26 0.993181
15 27 0.995299
15 28 0.997746
15 29 0.998302
15 30 0.994400
15 31 0.994117
15 32 0.996691
15 33 0.996490
15 34 0.998391
15 35 0.995624
15 36 0.998943
15 37 0.998941
15 38 0.995624
15 39 0.997453
15 40 0.997336
15 41 0.998930
15 42 0.987929
15 43 0.997505
15 44 0.993921
15 45 0.991482
15 46 0.996037
15 47 0.996338
15 48 0.997077
15 49 0.998224
15 50 0.997940
15 51 0.909095
15 52 0.906154
15 53 0.897038
15 54 0.884896
15 55 0.892703
15 56 0.884789
15 57 0.898182
15 58 0.914011
15 59 0.899993
15 60 0.894958
15 61 0.890823
15 62 0.903541
15 63 0.893772
15 64 0.886416
15 65 0.922566
15 66 0.912670
15 67 0.885214
15 68 0.904417
15 69 0.870172
15 70 0.901534
15 71 0.880015
15 72 0.911840
15 73 0.867783
15 74 0.886001
15 75 0.907976
15 76 0.908629
15 77 0.891458
15 78 0.884661
15 79 0.890834
15 80 0.923842
15 81 0.900577
15 82 0.906313
15 83 0.909796
15 84 0.858615
15 85 0.880292
15 86 0.902337
15 87 0.901005
15 88 0.882637
15 89 0.905318
15 90 0.892222
15 91 0.879656
15 92 0.893290
15 93 0.902599
15 94 0.912236
15 95 0.892325
15 96 0.904668
15 97 0.900369
15 98 0.905069
15 99 0.931436
15 100 0.901537
15 101 0.833825
15 102 0.848233
15 103 0.854566
15 104 0.849275
15 105 0.843086
15 106 0.841176
15 107 0.845207
15 108 0.845836
15 109 0.837521
15 110 0.860032
15 111 0.878021
15 112 0.854998
15 113 0.862350
15 114 0.840497
15 115 0.840624
15 116 0.862899
15 117 0.860869
15 118 0.860234
15 119 0.818169
15 120 0.845792
15 121 0.859857
15 122 0.852334
15 123 0.834928
15 124 0.869796
15 125 0.861812
15 126 0.863154
15 127 0.874823
15 128 0.874996
15 129 0.843483
15 130 0.866650
15 131 0.850220
15 132 0.875671
15 133 0.841650
15 134 0.870116
15 135 0.839677
15 136 0.856268
15 137 0.853119
15 138 0.861598
15 139 0.876679
15 140 0.870736
15 141 0.854217
15 142 0.877073
15 143 0.848233
15 144 0.850779
15 145 0.854534
15 146 0.867005
15 147 0.857236
15 148 0.868656
15 149 0.859910
15 150 0.862334
16 1 0.998102
16 2 0.993693
16 3 0.997919
16 4 0.996135
16 5 0.999050
16 6 0.998525
16 7 0.999189
16 8 0.997322
16 9 0.995744
16 10 0.994037
16 11 0.997972
16 12 0.997164
16 13 0.993996
16 14 0.998251
16 15 0.997596
16 16 1.000000
16 17 0.999423
16 18 0.998338
16 19 0.996934
16 20 0.999483
16 21 0.993903
16 22 0.999153
16 23 0.999126
16 24 0.994189
16 25 0.993260
16 26 0.991392
16 27 0.996830
16 28 0.997290
16 29 0.996684
16 30 0.995749
16 31 0.994192
16 32 0.995329
16 33 0.999015
16 34 0.999632
16 35 0.994037
16 36 0.996043
16 37 0.995734
16 38 0.994037
16 39 0.997612
16 40 0.996862
16 41 0.998931
16 42 0.982813
16 43 0.999014
16 44 0.996863
16 45 0.996255
16 46 0.994689
16 47 0.998736
16 48 0.997864
16 49 0.998358
16 50 0.996865
16 51 0.916165
16 52 0.915756
16 53 0.905167
16 54 0.892961
16 55 0.900533
16 56 0.895966
16 57 0.909683
16 58 0.922085
16 59 0.907150
16 60 0.906701
16 61 0.897036
16 62 0.913918
16 63 0.897514
16 64 0.896817
16 65 0.931175
16 66 0.919701
16 67 0.898429
16 68 0.912044
16 69 0.876588
16 70 0.908858
16 71 0.894197
16 72 0.918827
16 73 0.876491
16 74 0.895392
16 75 0.915008
16 76 0.915746
16 77 0.898255
16 78 0.894261
16 79 0.901352
16 80 0.928939
16 81 0.907562
16 82 0.912491
16 83 0.917250
16 84 0.870715
16 85 0.894706
16 86 0.915164
16 87 0.909406
16 88 0.887959
16 89 0.916423
16 90 0.901245
16 91 0.890426
16 92 0.903742
16 93 0.910009
16 94 0.919101
16 95 0.902492
16 96 0.915256
16 97 0.910838
16 98 0.913147
16 99 0.937622
16 100 0.911170
16 101 0.851468
16 102 0.862275
16 103 0.866105
16 104 0.862700
16 105 0.857453
16 106 0.852469
16 107 0.861257
16 108 0.856566
16 109 0.848088
16 110 0.874571
16 111 0.890499
16 112 0.866480
16 113 0.874110
16 114 0.854247
16 115 0.856386
16 116 0.877267
16 117 0.873342
16 118 0.874069
16 119 0.828995
16 120 0.855174
16 121 0.872922
16 122 0.867544
16 123 0.845196
16 124 0.880180
16 125 0.875707
16 126 0.874491
16 127 0.885788
16 128 0.887632
16 129 0.856800
16 130 0.876204
16 131 0.859827
16 132 0.887473
16 133 0.855219
16 134 0.880742
16 135 0.851925
16 136 0.866205
16 137 0.869802
16 138 0.874942
16 139 0.889526
16 140 0.882068
16 141 0.867851
16 142 0.887967
16 143 0.862275
16 144 0.864889
16 145 0.869375
16 146 0.878826
16 147 0.867440
16 148 0.880710
16 149 0.876317
16 150 0.876717
17 1 0.998906
17 2 0.995864
17 3 0.998819
17 4 0.996673
17 5 0.999158
17 6 0.998373
17 7 0.998796
17 8 0.997992
17 9 0.996655
17 10 0.995503
17 11 0.998756
17 12 0.996974
17 13 0.995770
17 14 0.998965
17 15 0.999006
17 16 0.999423
17 17 1.000000
17 18 0.999213
17 19 0.997927
17 20 0.999057
17 21 0.995400
17 22 0.999158
17 23 0.998698
17 24 0.995370
17 25 0.992471
17 26 0.993443
17 27 0.997443
17 28 0.998206
17 29 0.998177
17 30 0.996008
17 31 0.995193
17 32 0.997351
17 33 0.997726
17 34 0.999168
17 35 0.995503
17 36 0.998129
17 37 0.997920
17 38 0.995503
17 39 0.998314
17 40 0.997848
17 41 0.999691
17 42 0.987198
17 43 0.998856
17 44 0.997239
17 45 0.995157
17 46 0.996616
17 47 0.998053
17 48 0.998204
17 49 0.998843
17 50 0.998130
17 51 0.917872
17 52 0.916482
17 53 0.906685
17 54 0.894936
17 55 0.902458
17 56 0.896024
17 57 0.909658
17 58 0.923183
17 59 0.908916
17 60 0.906769
17 61 0.899516
17 62 0.914475
17 63 0.900887
17 64 0.897327
17 65 0.932153
17 66 0.921484
17 67 0.897746
17 68 0.913151
17 69 0.879770
17 70 0.910498
17 71 0.893442
17 72 0.920702
17 73 0.878349
17 74 0.896081
17 75 0.916796
17 76 0.917589
17 77 0.900471
17 78 0.895566
17 79 0.901980
17 80 0.931181
17 81 0.909456
17 82 0.914514
17 83 0.918814
17 84 0.871054
17 85 0.893484
17 86 0.914420
17 87 0.910786
17 88 0.891136
17 89 0.916246
17 90 0.902559
17 91 0.890674
17 92 0.904117
17 93 0.911718
17 94 0.920872
17 95 0.903083
17 96 0.915126
17 97 0.911072
17 98 0.914467
17 99 0.939616
17 100 0.911877
17 101 0.850194
17 102 0.862292
17 103 0.867176
17 104 0.862589
17 105 0.857457
17 106 0.853606
17 107 0.860298
17 108 0.857619
17 109 0.849598
17 110 0.874361
17 111 0.890840
17 112 0.867593
17 113 0.875107
17 114 0.854797
17 115 0.856391
17 116 0.877259
17 117 0.873554
17 118 0.873575
17 119 0.830910
17 120 0.857053
17 121 0.873453
17 122 0.867131
17 123 0.846799
17 124 0.881620
17 125 0.875481
17 126 0.875023
17 127 0.886873
17 128 0.887773
17 129 0.857317
17 130 0.877387
17 131 0.861609
17 132 0.887601
17 133 0.855784
17 134 0.881455
17 135 0.851945
17 136 0.868233
17 137 0.868724
17 138 0.874674
17 139 0.889574
17 140 0.883157
17 141 0.868391
17 142 0.889563
17 143 0.862292
17 144 0.864956
17 145 0.869338
17 146 0.880123
17 147 0.869334
17 148 0.881436
17 149 0.875213
17 150 0.876089
18 1 0.999876
18 2 0.998492
18 3 0.999907
18 4 0.999029
18 5 0.999636
18 6 0.999298
18 7 0.999261
18 8 0.999665
18 9 0.999093
18 10 0.998408
18 11 0.999843
18 12 0.998869
18 13 0.998481
18 14 0.999438
18 15 0.998362
18 16 0.998338
18 17 0.999213
18 18 1.000000
18 19 0.999690
18 20 0.999242
18 21 0.998408
18 22 0.999510
18 23 0.996626
18 24 0.997890
18 25 0.995760
18 26 0.997130
18 27 0.999204
18 28 0.999754
18 29 0.999636
18 30 0.998569
18 31 0.998271
18 32 0.999133
18 33 0.997389
18 34 0.998330
18 35 0.998408
18 36 0.999138
18 37 0.998945
18 38 0.998408
18 39 0.999796
18 40 0.999642
18 41 0.999878
18 42 0.991702
18 43 0.999508
18 44 0.998262
18 45 0.996927
18 46 0.998927
18 47 0.998860
18 48 0.999654
18 49 0.999808
18 50 0.999712
18 51 0.930221
18 52 0.928164
18 53 0.919680
18 54 0.908645
18 55 0.915647
18 56 0.909364
18 57 0.921401
18 58 0.934859
18 59 0.922101
18 60 0.918513
18 61 0.913527
18 62 0.925938
18 63 0.915381
18 64 0.910664
18 65 0.942425
18 66 0.933365
18 67 0.910053
18 68 0.926220
18 69 0.894674
18 70 0.923535
18 71 0.905413
18 72 0.932597
18 73 0.893268
18 74 0.910074
18 75 0.929202
18 76 0.929781
18 77 0.914278
18 78 0.908812
18 79 0.914622
18 80 0.942765
18 81 0.922568
18 82 0.927501
18 83 0.930937
18 84 0.885717
18 85 0.905782
18 86 0.925274
18 87 0.923296
18 88 0.905772
18 89 0.927739
18 90 0.915538
18 91 0.904639
18 92 0.916866
18 93 0.924493
18 94 0.932959
18 95 0.915930
18 96 0.927097
18 97 0.923216
18 98 0.926885
18 99 0.949586
18 100 0.924074
18 101 0.863635
18 102 0.876463
18 103 0.881787
18 104 0.877417
18 105 0.871775
18 106 0.869487
18 107 0.874005
18 108 0.873685
18 109 0.865933
18 110 0.887220
18 111 0.903277
18 112 0.882163
18 113 0.888891
18 114 0.869197
18 115 0.869360
18 116 0.889704
18 117 0.887837
18 118 0.887512
18 119 0.848003
18 120 0.873259
18 121 0.886814
18 122 0.880302
18 123 0.863470
18 124 0.895411
18 125 0.888874
18 126 0.889719
18 127 0.900110
18 128 0.900643
18 129 0.871944
18 130 0.892500
18 131 0.877387
18 132 0.901209
18 133 0.870248
18 134 0.895918
18 135 0.868370
18 136 0.882867
18 137 0.881139
18 138 0.888672
18 139 0.902186
18 140 0.896425
18 141 0.881660
18 142 0.901820
18 143 0.876463
18 144 0.878756
18 145 0.882124
18 146 0.892905
18 147 0.883819
18 148 0.894706
18 149 0.887303
18 150 0.889470
19 1 0.999641
19 2 0.999251
19 3 0.999751
19 4 0.999742
